{
  "ver": "1.0.2",
  "importer": "particle",
  "imported": true,
  "uuid": "44e96f91-ede7-4965-bd8a-6ac6d299a8ba",
  "files": [
    ".plist",
    ".json"
  ],
  "subMetas": {},
  "userData": {
    "totalParticles": 1000,
    "life": 0.46050000190734863,
    "lifeVar": 0.5921000242233276,
    "emissionRate": 2171.5526511576372,
    "duration": -1,
    "srcBlendFactor": 770,
    "dstBlendFactor": 1,
    "startColor": {
      "_val": 4280512713,
      "r": 0,
      "g": 124.9500024318695,
      "b": 168.30000668764114,
      "a": 255
    },
    "startColorVar": {
      "_val": 2134061824,
      "r": 150.44999331235886,
      "g": 0,
      "b": 0,
      "a": 0
    },
    "endColor": {
      "_val": 4278190120,
      "r": 35.700000151991844,
      "g": 66.2999975681305,
      "b": 99.44999635219574,
      "a": 255
    },
    "endColorVar": {
      "_val": 4278190080,
      "r": 0,
      "g": 0,
      "b": 0,
      "a": 0
    },
    "startSize": 0,
    "startSizeVar": 18.950000762939453,
    "endSize": 28.489999771118164,
    "endSizeVar": 0,
    "positionType": 0,
    "sourcePos": {
      "x": 0,
      "y": 0
    },
    "posVar": {
      "x": 0,
      "y": 4.400000095367432
    },
    "angle": 0,
    "angleVar": 360,
    "startSpin": 0,
    "startSpinVar": 0,
    "endSpin": 0,
    "endSpinVar": 0,
    "emitterMode": 0,
    "gravity": {
      "x": 0,
      "y": -671.0499877929688
    },
    "speed": 177.6300048828125,
    "speedVar": 0,
    "radialAccel": 0,
    "radialAccelVar": 0,
    "tangentialAccel": 0,
    "tangentialAccelVar": 0,
    "rotationIsDir": false,
    "startRadius": 0,
    "startRadiusVar": 0,
    "endRadius": 0,
    "endRadiusVar": 0,
    "rotatePerS": 0,
    "rotatePerSVar": 0,
    "spriteFrameUuid": ""
  }
}
