{
  "ver": "1.0.2",
  "importer": "particle",
  "imported": true,
  "uuid": "54d0d83c-c15c-49a0-93eb-1df7610f20f2",
  "files": [
    ".plist",
    ".json"
  ],
  "subMetas": {},
  "userData": {
    "totalParticles": 1000,
    "life": 0.19740000367164612,
    "lifeVar": 2.171099901199341,
    "emissionRate": 5065.856035460838,
    "duration": -1,
    "srcBlendFactor": 770,
    "dstBlendFactor": 1,
    "startColor": {
      "_val": 4280512713,
      "r": 201.4500054717064,
      "g": 112.19999939203262,
      "b": 35.700000151991844,
      "a": 255
    },
    "startColorVar": {
      "_val": 2134061824,
      "r": 0,
      "g": 51.00000075995922,
      "b": 51.00000075995922,
      "a": 127.5
    },
    "endColor": {
      "_val": 4278190120,
      "r": 40.799999088048935,
      "g": 0,
      "b": 0,
      "a": 255
    },
    "endColorVar": {
      "_val": 4278190080,
      "r": 0,
      "g": 0,
      "b": 0,
      "a": 255
    },
    "startSize": 41.68000030517578,
    "startSizeVar": 0,
    "endSize": 64,
    "endSizeVar": 0,
    "positionType": 0,
    "sourcePos": {
      "x": 0,
      "y": 0
    },
    "posVar": {
      "x": -4.5,
      "y": 0
    },
    "angle": 46.849998474121094,
    "angleVar": 0,
    "startSpin": 0,
    "startSpinVar": 0,
    "endSpin": 0,
    "endSpinVar": 0,
    "emitterMode": 0,
    "gravity": {
      "x": -276.32000732421875,
      "y": 355.260009765625
    },
    "speed": 0,
    "speedVar": 203.9499969482422,
    "radialAccel": 0,
    "radialAccelVar": 0,
    "tangentialAccel": 0,
    "tangentialAccelVar": 0,
    "rotationIsDir": false,
    "startRadius": 0,
    "startRadiusVar": 0,
    "endRadius": 0,
    "endRadiusVar": 0,
    "rotatePerS": 0,
    "rotatePerSVar": 0,
    "spriteFrameUuid": ""
  }
}
