{
  "ver": "1.0.2",
  "importer": "particle",
  "imported": true,
  "uuid": "298c36ca-18f7-4f2a-acdb-fde1bd274957",
  "files": [
    ".plist",
    ".json"
  ],
  "subMetas": {},
  "userData": {
    "totalParticles": 809,
    "life": 0,
    "lifeVar": 1.118399977684021,
    "emissionRate": 1.7976931348623157e+308,
    "duration": 0.009999999776482582,
    "srcBlendFactor": 770,
    "dstBlendFactor": 1,
    "startColor": {
      "_val": 369099007,
      "r": 226.94999635219574,
      "g": 142.80000060796738,
      "b": 91.80000364780426,
      "a": 255
    },
    "startColorVar": {
      "_val": 0,
      "r": 51.00000075995922,
      "g": 51.00000075995922,
      "b": 51.00000075995922,
      "a": 127.5
    },
    "endColor": {
      "_val": 4278255615,
      "r": 0,
      "g": 0,
      "b": 0,
      "a": 214.19999331235886
    },
    "endColorVar": {
      "_val": 0,
      "r": 0,
      "g": 0,
      "b": 0,
      "a": 0
    },
    "startSize": 34.11000061035156,
    "startSizeVar": 38.31999969482422,
    "endSize": 13.59000015258789,
    "endSizeVar": 0,
    "positionType": 0,
    "sourcePos": {
      "x": 0,
      "y": 0
    },
    "posVar": {
      "x": 0,
      "y": 0
    },
    "angle": 360,
    "angleVar": 360,
    "startSpin": 0,
    "startSpinVar": 0,
    "endSpin": 0,
    "endSpinVar": 0,
    "emitterMode": 0,
    "gravity": {
      "x": 1.149999976158142,
      "y": 1.5800000429153442
    },
    "speed": 243.4199981689453,
    "speedVar": 1,
    "radialAccel": 0,
    "radialAccelVar": 0,
    "tangentialAccel": 0,
    "tangentialAccelVar": 0,
    "rotationIsDir": false,
    "startRadius": 0,
    "startRadiusVar": 0,
    "endRadius": 0,
    "endRadiusVar": 0,
    "rotatePerS": 0,
    "rotatePerSVar": 0,
    "spriteFrameUuid": ""
  }
}
