{
  "ver": "1.0.2",
  "importer": "particle",
  "imported": true,
  "uuid": "e59971b6-02f8-48f5-ad18-c07ce1064f30",
  "files": [
    ".plist",
    ".json"
  ],
  "subMetas": {},
  "userData": {
    "totalParticles": 285,
    "life": 0,
    "lifeVar": 2,
    "emissionRate": 1.7976931348623157e+308,
    "duration": -1,
    "srcBlendFactor": 770,
    "dstBlendFactor": 1,
    "startColor": {
      "_val": 4286545791,
      "r": 196.00170582532883,
      "g": 26.28620859235525,
      "b": 234.32301431894302,
      "a": 69.22287672758102
    },
    "startColorVar": {
      "_val": 8355711,
      "r": 202.52321988344193,
      "g": 106.29469066858292,
      "b": 83.0153538286686,
      "a": 1.7305868561379611
    },
    "endColor": {
      "_val": 8355711,
      "r": 49.304030165076256,
      "g": 244.43921148777008,
      "b": 238.1128853559494,
      "a": 83.86266276240349
    },
    "endColorVar": {
      "_val": 8355711,
      "r": 212.79510229825974,
      "g": 207.89310693740845,
      "b": 94.50071632862091,
      "a": 99.44256395101547
    },
    "startSize": 3,
    "startSizeVar": 24,
    "endSize": 43,
    "endSizeVar": 18,
    "positionType": 0,
    "sourcePos": {
      "x": 0,
      "y": 0
    },
    "posVar": {
      "x": -4.5,
      "y": 0
    },
    "angle": 349,
    "angleVar": 93,
    "startSpin": 0,
    "startSpinVar": 0,
    "endSpin": 0,
    "endSpinVar": 0,
    "emitterMode": 1,
    "gravity": {
      "x": 0,
      "y": 0
    },
    "speed": 180,
    "speedVar": 50,
    "radialAccel": 80,
    "radialAccelVar": 0,
    "tangentialAccel": 0,
    "tangentialAccelVar": 0,
    "rotationIsDir": false,
    "startRadius": 60,
    "startRadiusVar": 85.2631607055664,
    "endRadius": 0,
    "endRadiusVar": 0,
    "rotatePerS": 360,
    "rotatePerSVar": 0,
    "spriteFrameUuid": ""
  }
}
