{
  "ver": "1.0.2",
  "importer": "particle",
  "imported": true,
  "uuid": "10ebe0a3-9b69-4fd6-bd0a-c3432af5e459",
  "files": [
    ".plist",
    ".json"
  ],
  "subMetas": {},
  "userData": {
    "totalParticles": 90,
    "life": 1.513200044631958,
    "lifeVar": 0,
    "emissionRate": 59.47660411409113,
    "duration": -1,
    "srcBlendFactor": 1,
    "dstBlendFactor": 771,
    "startColor": {
      "_val": 956301311,
      "r": 255,
      "g": 255,
      "b": 255,
      "a": 56.09999969601631
    },
    "startColorVar": {
      "_val": 37718,
      "r": 86.70000091195107,
      "g": 147.89999574422836,
      "b": 0,
      "a": 0
    },
    "endColor": {
      "_val": 0,
      "r": 0,
      "g": 0,
      "b": 0,
      "a": 0
    },
    "endColorVar": {
      "_val": 16777215,
      "r": 255,
      "g": 255,
      "b": 255,
      "a": 0
    },
    "startSize": 24.026315689086914,
    "startSizeVar": 22.31999969482422,
    "endSize": 0,
    "endSizeVar": 0,
    "positionType": 0,
    "sourcePos": {
      "x": 0,
      "y": 0
    },
    "posVar": {
      "x": 0,
      "y": 16
    },
    "angle": 0,
    "angleVar": 360,
    "startSpin": 0,
    "startSpinVar": 0,
    "endSpin": 0,
    "endSpinVar": 367.84539794921875,
    "emitterMode": 0,
    "gravity": {
      "x": 0,
      "y": 0
    },
    "speed": 183.07977294921875,
    "speedVar": 29.759456634521484,
    "radialAccel": -14.391447067260742,
    "radialAccelVar": 0,
    "tangentialAccel": 44.921875,
    "tangentialAccelVar": 0,
    "rotationIsDir": false,
    "startRadius": 0,
    "startRadiusVar": 0,
    "endRadius": 0,
    "endRadiusVar": 0,
    "rotatePerS": 0,
    "rotatePerSVar": 0,
    "spriteFrameUuid": ""
  }
}
