{
  "ver": "1.0.2",
  "importer": "particle",
  "imported": true,
  "uuid": "f772dcc2-cc4c-41a5-bdab-db732489bd3d",
  "files": [
    ".plist",
    ".json"
  ],
  "subMetas": {},
  "userData": {
    "totalParticles": 206,
    "life": 3,
    "lifeVar": 9,
    "emissionRate": 68.66666666666667,
    "duration": -1,
    "srcBlendFactor": 1,
    "dstBlendFactor": 771,
    "startColor": {
      "_val": 956301311,
      "r": 203.37598532438278,
      "g": 140.8884447813034,
      "b": 54.72802251577377,
      "a": 193.80125910043716
    },
    "startColorVar": {
      "_val": 37718,
      "r": 141.29657328128815,
      "g": 251.96621239185333,
      "b": 238.66911470890045,
      "a": 68.02587255835533
    },
    "endColor": {
      "_val": 0,
      "r": 2.5343642570078373,
      "g": 73.83427888154984,
      "b": 28.26029196381569,
      "a": 44.67463597655296
    },
    "endColorVar": {
      "_val": 16777215,
      "r": 73.19966733455658,
      "g": 42.03446924686432,
      "b": 188.34800451993942,
      "a": 66.26798808574677
    },
    "startSize": 12,
    "startSizeVar": 62,
    "endSize": 18,
    "endSizeVar": 31,
    "positionType": 0,
    "sourcePos": {
      "x": 0,
      "y": 0
    },
    "posVar": {
      "x": 7,
      "y": 7
    },
    "angle": 153,
    "angleVar": 163,
    "startSpin": 0,
    "startSpinVar": 0,
    "endSpin": 0,
    "endSpinVar": 0,
    "emitterMode": 0,
    "gravity": {
      "x": 0.6499999761581421,
      "y": 1.600000023841858
    },
    "speed": 77,
    "speedVar": 69,
    "radialAccel": 0,
    "radialAccelVar": 0,
    "tangentialAccel": 0,
    "tangentialAccelVar": 0,
    "rotationIsDir": false,
    "startRadius": 0,
    "startRadiusVar": 0,
    "endRadius": 0,
    "endRadiusVar": 0,
    "rotatePerS": 0,
    "rotatePerSVar": 0,
    "spriteFrameUuid": ""
  }
}
